<?xml version="1.0" encoding="utf-8"?>
<SimscapeMultibodyImportXML xmlns="urn:mathworks:SimscapeMultibody:import"
                            xmlns:xsi="http://www.w3.org/2001/XMLSchema-instance"
                            version="2.0">
   <Created by="Sahan Karunarathne" from="Onshape" on="06/01/25||18:45:01"
            using="Simscape Multibody Exporter"/>
   <ModelUnits length="millimeter" mass="kilogram"/>
   <DataUnits length="meter" mass="kilogram"/>
   <RootAssembly name="Complete_Arm_20" uid="09822b8a10096d7a5ac7dfd5"
                 version="w-6a97144e8fe08aae50c6a761">
      <InstanceTree>
         <Instance entityUid="c10dfe9df976fe61286a18ca" name="Shoulder_Yaw_02 &lt;1&gt;"
                   uid="M/sF8HK6Y4kivOFmn">
            <Transform>
               <Rotation>0.224951054 0.971907012 -0.069237149 -0.974370065 0.224382414 -0.015984655 -0.000000000 0.071058370 0.997472159 </Rotation>
               <Translation>0.064409776 -0.255456056 0.345688324 </Translation>
            </Transform>
            <Instance entityUid="JFf*:*fed4c77011c97dc7a44b2586" name="70x90x10 &lt;1&gt;"
                      uid="M+CE+kFmW+VNJlycq">
               <Transform>
                  <Rotation>0.000000000 -1.000000000 0.000000000 0.719301946 0.000000000 0.694697568 -0.694697568 -0.000000000 0.719301946 </Rotation>
                  <Translation>-0.068400000 -0.000000000 0.074500000 </Translation>
               </Transform>
            </Instance>
            <Instance entityUid="JFn*:*fed4c77011c97dc7a44b2586" name="M5_Caphead_01 &lt;1&gt;"
                      uid="M/I9k3bLiIgR4ebQl">
               <Transform>
                  <Rotation>-0.903812909 0.427927827 -0.000000000 0.279372517 0.590053908 -0.757487546 -0.324150000 -0.684627022 -0.652849614 </Rotation>
                  <Translation>-0.099750000 0.022286801 0.068747920 </Translation>
               </Transform>
            </Instance>
            <Instance entityUid="JFT*:*fed4c77011c97dc7a44b2586" name="M3_Caphead_01 &lt;3&gt;"
                      uid="M03V33/F7vkfwqWRO">
               <Transform>
                  <Rotation>-0.000000000 -0.000000000 -1.000000000 -0.488884616 0.872348458 0.000000000 0.872348458 0.488884616 -0.000000000 </Rotation>
                  <Translation>-0.088500000 -0.009273919 0.052907306 </Translation>
               </Transform>
            </Instance>
            <Instance entityUid="b2da4a4b4d43da8340bc3b51" name="Shoulder_Front_83 &lt;1&gt;"
                      uid="M3sdnbAsvVLgEhdXo">
               <Transform>
                  <Rotation>0.224951054 0.971907012 -0.069237149 -0.974370065 0.224382414 -0.015984655 -0.000000000 0.071058370 0.997472159 </Rotation>
                  <Translation>0.064409776 -0.255456056 0.345688324 </Translation>
               </Transform>
               <Instance entityUid="JF/*:*fed4c77011c97dc7a44b2586" name="Part 16 &lt;1&gt;"
                         uid="MFcg+D8hRHfYa5uny">
                  <Transform>
                     <Rotation>0.224951054 -0.974370065 -0.000000000 0.971907012 0.224382414 0.071058370 -0.069237149 -0.015984655 0.997472159 </Rotation>
                     <Translation>-0.263397780 -0.029844515 -0.344438307 </Translation>
                  </Transform>
               </Instance>
               <Instance entityUid="KFLB*:*fed4c77011c97dc7a44b2586" name="Part 19 &lt;1&gt;"
                         uid="MUC2m6kx+12Ne9Spe">
                  <Transform>
                     <Rotation>0.224951054 -0.974370065 -0.000000000 0.971907012 0.224382414 0.071058370 -0.069237149 -0.015984655 0.997472159 </Rotation>
                     <Translation>-0.263397780 -0.029844515 -0.344438307 </Translation>
                  </Transform>
               </Instance>
               <Instance entityUid="JF7*:*fed4c77011c97dc7a44b2586" name="Part 15 &lt;1&gt;"
                         uid="MWp6qchx7xrYoEy0Q">
                  <Transform>
                     <Rotation>0.224951054 -0.974370065 -0.000000000 0.971907012 0.224382414 0.071058370 -0.069237149 -0.015984655 0.997472159 </Rotation>
                     <Translation>-0.263397780 -0.029844515 -0.344438307 </Translation>
                  </Transform>
               </Instance>
               <Instance entityUid="JF3*:*fed4c77011c97dc7a44b2586" name="Shoulder_Front_83 &lt;1&gt;"
                         uid="MdL68XJnBq0jw2ZJI">
                  <Transform>
                     <Rotation>0.224951054 -0.974370065 -0.000000000 0.971907012 0.224382414 0.071058370 -0.069237149 -0.015984655 0.997472159 </Rotation>
                     <Translation>-0.263397780 -0.029844515 -0.344438307 </Translation>
                  </Transform>
               </Instance>
               <Instance entityUid="KFDB*:*fed4c77011c97dc7a44b2586" name="Part 17 &lt;1&gt;"
                         uid="MdUSUlmYTZzn+hrz0">
                  <Transform>
                     <Rotation>0.224951054 -0.974370065 -0.000000000 0.971907012 0.224382414 0.071058370 -0.069237149 -0.015984655 0.997472159 </Rotation>
                     <Translation>-0.263397780 -0.029844515 -0.344438307 </Translation>
                  </Transform>
               </Instance>
               <Instance entityUid="KFHB*:*fed4c77011c97dc7a44b2586" name="Part 18 &lt;1&gt;"
                         uid="MjxVD4XNvjqTXc3KU">
                  <Transform>
                     <Rotation>0.224951054 -0.974370065 -0.000000000 0.971907012 0.224382414 0.071058370 -0.069237149 -0.015984655 0.997472159 </Rotation>
                     <Translation>-0.263397780 -0.029844515 -0.344438307 </Translation>
                  </Transform>
               </Instance>
            </Instance>
            <Instance entityUid="JFT*:*fed4c77011c97dc7a44b2586" name="M3_Caphead_01 &lt;2&gt;"
                      uid="M4WEbwUMPpzyclxkE">
               <Transform>
                  <Rotation>0.000000000 -0.000000000 -1.000000000 0.638643160 0.769503031 0.000000000 0.769503031 -0.638643160 0.000000000 </Rotation>
                  <Translation>-0.082500000 -0.012103395 0.094643432 </Translation>
               </Transform>
            </Instance>
            <Instance entityUid="JFT*:*fed4c77011c97dc7a44b2586" name="M3_Caphead_01 &lt;4&gt;"
                      uid="M7NJAgYPaiwA2Ii/R">
               <Transform>
                  <Rotation>-0.000000000 0.000000000 -1.000000000 0.627838894 0.778343319 0.000000000 0.778343319 -0.627838894 -0.000000000 </Rotation>
                  <Translation>-0.103037478 -0.023419058 0.072551229 </Translation>
               </Transform>
            </Instance>
            <Instance entityUid="JFT*:*fed4c77011c97dc7a44b2586" name="M3_Caphead_01 &lt;1&gt;"
                      uid="M7cO6ytxV0A62LFWN">
               <Transform>
                  <Rotation>0.000000000 -0.000000000 -1.000000000 0.997281061 0.073691821 0.000000000 0.073691821 -0.997281061 0.000000000 </Rotation>
                  <Translation>-0.101709292 0.012103395 0.094643432 </Translation>
               </Transform>
            </Instance>
            <Instance entityUid="JFX*:*fed4c77011c97dc7a44b2586" name="Inch_and_Quarter_04 &lt;1&gt;"
                      uid="MIkgnoQbQPfF2oTZo">
               <Transform>
                  <Rotation>-0.000000000 0.000000000 1.000000000 -0.859345754 0.511395029 -0.000000000 -0.511395029 -0.859345754 0.000000000 </Rotation>
                  <Translation>-0.093400000 0.000000000 0.074500000 </Translation>
               </Transform>
            </Instance>
            <Instance entityUid="JFz*:*fed4c77011c97dc7a44b2586" name="Pitch_Guide_Ring_10 &lt;1&gt;"
                      uid="MUjiRJOn7fEpOGtih">
               <Transform>
                  <Rotation>-0.000000000 -0.000000000 1.000000000 -0.685818353 -0.727772758 -0.000000000 0.727772758 -0.685818353 0.000000000 </Rotation>
                  <Translation>-0.096400000 0.000000000 0.074500000 </Translation>
               </Transform>
            </Instance>
            <Instance entityUid="JFL*:*fed4c77011c97dc7a44b2586" name="ECi40_03 &lt;2&gt;"
                      uid="MVj5pjZ0ohg9MsYZO">
               <Transform>
                  <Rotation>-0.000000000 -0.000000000 1.000000000 0.999882542 0.015326491 0.000000000 -0.015326491 0.999882542 0.000000000 </Rotation>
                  <Translation>-0.045950000 0.000000000 0.074500000 </Translation>
               </Transform>
            </Instance>
            <Instance entityUid="JFL*:*fed4c77011c97dc7a44b2586" name="ECi40_03 &lt;1&gt;"
                      uid="MaeoJcQeW54LpTPkq">
               <Transform>
                  <Rotation>0.402626837 -0.915364206 -0.000000000 -0.000000000 0.000000000 -1.000000000 0.915364206 0.402626837 -0.000000000 </Rotation>
                  <Translation>0.000000000 -0.085650000 0.074500000 </Translation>
               </Transform>
            </Instance>
            <Instance entityUid="JFP*:*fed4c77011c97dc7a44b2586" name="Pitch_Roller_09 &lt;1&gt;"
                      uid="MeJT/6ol0xuEOuMO7">
               <Transform>
                  <Rotation>0.000000000 -0.000000000 1.000000000 0.911562761 -0.411160956 -0.000000000 0.411160956 0.911562761 -0.000000000 </Rotation>
                  <Translation>-0.108300000 0.000000000 0.074500000 </Translation>
               </Transform>
            </Instance>
            <Instance entityUid="JFv*:*fed4c77011c97dc7a44b2586" name="4mm_Pin_01 &lt;2&gt;"
                      uid="MezOVFk3uZLxUWzaY">
               <Transform>
                  <Rotation>-0.000000000 -1.000000000 0.000000000 1.000000000 0.000000000 0.000000000 0.000000000 0.000000000 1.000000000 </Rotation>
                  <Translation>-0.019745379 -0.038786936 0.063100000 </Translation>
               </Transform>
            </Instance>
            <Instance entityUid="JFj*:*fed4c77011c97dc7a44b2586" name="6x17x6 &lt;1&gt;"
                      uid="MrqkJFC1BO4KptaAv">
               <Transform>
                  <Rotation>-0.872897583 -0.000000000 0.487903484 -0.318527601 -0.757487546 -0.569870850 0.369580812 -0.652849614 0.661209048 </Rotation>
                  <Translation>-0.099750000 0.037357417 0.081736709 </Translation>
               </Transform>
            </Instance>
            <Instance entityUid="JFr*:*fed4c77011c97dc7a44b2586" name="4mm_Pin_01 &lt;1&gt;"
                      uid="Ms2raebZW+GuHMK0p">
               <Transform>
                  <Rotation>-0.000000000 -1.000000000 0.000000000 1.000000000 0.000000000 0.000000000 0.000000000 0.000000000 1.000000000 </Rotation>
                  <Translation>0.019745379 -0.044786936 0.085900000 </Translation>
               </Transform>
            </Instance>
            <Instance entityUid="JFb*:*fed4c77011c97dc7a44b2586" name="Inch_and_Quarter_04 &lt;2&gt;"
                      uid="Mz8brfFY32Nqmy6XJ">
               <Transform>
                  <Rotation>1.000000000 -0.000000000 -0.000000000 -0.000000000 0.000000000 1.000000000 -0.000000000 -1.000000000 0.000000000 </Rotation>
                  <Translation>0.000000000 -0.026000000 0.074500000 </Translation>
               </Transform>
            </Instance>
         </Instance>
         <Instance entityUid="d227268b8ae04f3343b432e5" name="Lower_Arm_10 &lt;1&gt;"
                   uid="MBVaXryrDB/ZLGIc0">
            <Transform>
               <Rotation>-0.565122209 0.329070613 0.756537786 0.127970600 0.940872893 -0.313658612 -0.815021727 -0.080440853 -0.573819531 </Rotation>
               <Translation>0.119606081 -0.367004310 0.100895970 </Translation>
            </Transform>
            <Instance entityUid="16b59d6b0f33f98b82b03526" name="Forearm_18 &lt;1&gt;"
                      uid="M2btDf752rnqFqvOs">
               <Transform>
                  <Rotation>-0.565122209 0.329070613 0.756537786 0.127970600 0.940872893 -0.313658612 -0.815021727 -0.080440853 -0.573819531 </Rotation>
                  <Translation>0.119606081 -0.367004310 0.100895970 </Translation>
               </Transform>
               <Instance entityUid="9de67202f201bd8046d0f33b" name="Wrist_Motor_Tendon_01 &lt;1&gt;"
                         uid="M+0IoCdyYaG65Y2UH">
                  <Transform>
                     <Rotation>-0.348410776 0.702813738 0.620211883 -0.890211964 -0.455271769 0.015820097 0.293483543 -0.546608147 0.784274789 </Rotation>
                     <Translation>0.205640378 -0.410246679 0.018600696 </Translation>
                  </Transform>
                  <Instance entityUid="KFrF*:*fed4c77011c97dc7a44b2586" name="Wrist_Motor_Tendon_01 &lt;1&gt;"
                            uid="MX3BPdbou7ZLF86OW">
                     <Transform>
                        <Rotation>0.902400884 0.332857027 -0.273639991 0.346981036 -0.184785893 0.919488083 0.255493260 -0.924694746 -0.282246029 </Rotation>
                        <Translation>-0.659719591 -0.284532394 -0.240816993 </Translation>
                     </Transform>
                  </Instance>
                  <Instance entityUid="KFvF*:*fed4c77011c97dc7a44b2586" name="Part 78 &lt;1&gt;"
                            uid="MimuvRD+2MEnw6yeG">
                     <Transform>
                        <Rotation>0.902400884 0.332857027 -0.273639991 0.346981036 -0.184785893 0.919488083 0.255493260 -0.924694746 -0.282246029 </Rotation>
                        <Translation>-0.659719591 -0.284532394 -0.240816993 </Translation>
                     </Transform>
                  </Instance>
               </Instance>
               <Instance entityUid="4b25f2d7bba9a1f433a0f85b" name="Wrist_Motor_Tendon_01 (1) &lt;1&gt;"
                         uid="M+8Rkg7VI2R0hVl/e">
                  <Transform>
                     <Rotation>0.571041774 -0.702813738 -0.424221807 -0.097156144 0.455271769 -0.885035762 0.815151505 0.546608147 0.191696526 </Rotation>
                     <Translation>0.205640378 -0.410246679 0.018600696 </Translation>
                  </Transform>
                  <Instance entityUid="KFzF*:*fed4c77011c97dc7a44b2586" name="Wrist_Motor_Tendon_01 &lt;1&gt;"
                            uid="M6OwsiUa3rIZBB9/P">
                     <Transform>
                        <Rotation>-0.265491034 0.875039953 0.404746330 -0.956055649 -0.184785893 -0.227621987 -0.124386920 -0.447391612 0.885645888 </Rotation>
                        <Translation>-0.322504255 0.284532394 -0.623869994 </Translation>
                     </Transform>
                  </Instance>
                  <Instance entityUid="KF3F*:*fed4c77011c97dc7a44b2586" name="Part 80 &lt;1&gt;"
                            uid="MzUD2CrDWhgX7eYO+">
                     <Transform>
                        <Rotation>-0.265491034 0.875039953 0.404746330 -0.956055649 -0.184785893 -0.227621987 -0.124386920 -0.447391612 0.885645888 </Rotation>
                        <Translation>-0.322504255 0.284532394 -0.623869994 </Translation>
                     </Transform>
                  </Instance>
               </Instance>
               <Instance entityUid="KFfD*:*fed4c77011c97dc7a44b2586"
                         name="ES3302_Servo_Horn_Round_01 &lt;2&gt;"
                         uid="M/Nax6p1FoRU7F23d">
                  <Transform>
                     <Rotation>-0.034036147 -0.872386353 0.487630589 -0.942578330 -0.134181256 -0.305845521 0.332246343 -0.470039829 -0.817725459 </Rotation>
                     <Translation>0.019266358 0.305574575 -0.247050288 </Translation>
                  </Transform>
               </Instance>
               <Instance entityUid="KFvD*:*fed4c77011c97dc7a44b2586" name="Simple_01 &lt;2&gt;"
                         uid="M1Q1YPupvWJfpBkQD">
                  <Transform>
                     <Rotation>0.819637667 -0.065215110 -0.569158224 0.281162234 0.911409425 0.300467398 0.499141155 -0.406300195 0.765361521 </Rotation>
                     <Translation>0.071926857 0.291489434 -0.195566743 </Translation>
                  </Transform>
               </Instance>
               <Instance entityUid="KFzB*:*fed4c77011c97dc7a44b2586" name="18650_02 &lt;1&gt;"
                         uid="M2k5kN/Nz+IieLewT">
                  <Transform>
                     <Rotation>0.585449994 0.581278929 -0.565122209 -0.486142032 0.809554480 0.329070613 0.648779029 0.082075270 0.756537786 </Rotation>
                     <Translation>0.126813823 0.313815814 -0.227428609 </Translation>
                  </Transform>
               </Instance>
               <Instance entityUid="KFzD*:*fed4c77011c97dc7a44b2586" name="Mega_01 &lt;1&gt;"
                         uid="M44QMBh4EwmlpPbAH">
                  <Transform>
                     <Rotation>-0.797597356 -0.582367967 0.157117821 -0.065494312 0.342551497 0.937213405 -0.599624010 0.737228610 -0.311359958 </Rotation>
                     <Translation>0.123255128 0.275039400 -0.182285672 </Translation>
                  </Transform>
               </Instance>
               <Instance entityUid="KFjD*:*fed4c77011c97dc7a44b2586" name="Tendon_Spool_03 &lt;5&gt;"
                         uid="M4qe9eJvugbE6yFYa">
                  <Transform>
                     <Rotation>0.302338065 0.794501794 0.526648454 0.863079961 0.006331125 -0.505027621 -0.404579628 0.607228800 -0.683804438 </Rotation>
                     <Translation>0.057613010 0.277877399 -0.227227312 </Translation>
                  </Transform>
               </Instance>
               <Instance entityUid="KFbD*:*fed4c77011c97dc7a44b2586" name="Emax_23mm_03 &lt;6&gt;"
                         uid="M4rtczsJfrBSGDlCe">
                  <Transform>
                     <Rotation>0.564528396 0.812058516 -0.147880547 -0.368427094 0.087580943 -0.925522044 -0.738626540 0.576966675 0.348626289 </Rotation>
                     <Translation>0.086582445 0.277888222 -0.234143375 </Translation>
                  </Transform>
               </Instance>
               <Instance entityUid="KFbD*:*fed4c77011c97dc7a44b2586" name="Emax_23mm_03 &lt;2&gt;"
                         uid="M7ekUBIb0ODrLgze/">
                  <Transform>
                     <Rotation>-0.034036147 -0.578629925 -0.814879715 -0.942578330 0.289639793 -0.166297571 0.332246343 0.762427832 -0.555262251 </Rotation>
                     <Translation>0.022743255 0.290927345 -0.247766084 </Translation>
                  </Transform>
               </Instance>
               <Instance entityUid="KF7D*:*fed4c77011c97dc7a44b2586" name="Servo_Horn_03 &lt;2&gt;"
                         uid="MBlgh95WX/kCIcA3T">
                  <Transform>
                     <Rotation>-0.573240527 0.008039199 -0.819347709 0.337006456 0.913773460 -0.226814268 0.746874786 -0.406144599 -0.526521242 </Rotation>
                     <Translation>0.087773119 0.303756320 -0.205785839 </Translation>
                  </Transform>
               </Instance>
               <Instance entityUid="087a4d88c340f08e854a0e01" name="Pin_Jig_01 (1) &lt;2&gt;"
                         uid="MBxSVXk3yb5VDuUUN">
                  <Transform>
                     <Rotation>0.847272350 0.471869808 -0.243861537 -0.205553587 -0.132052576 -0.969695746 -0.489772689 0.871723007 -0.014889964 </Rotation>
                     <Translation>0.240664973 -0.420366069 -0.018458974 </Translation>
                  </Transform>
                  <Instance entityUid="KFLH*:*fed4c77011c97dc7a44b2586" name="Part 101 &lt;1&gt;"
                            uid="MEuDv3eXdtLCZGWcf">
                     <Transform>
                        <Rotation>-0.281952437 0.948839736 -0.142147736 -0.941488916 -0.245110081 0.231343184 0.184665762 0.199058292 0.962431479 </Rotation>
                        <Translation>-0.214577187 -0.376958485 -0.652624647 </Translation>
                     </Transform>
                  </Instance>
                  <Instance entityUid="KFHH*:*fed4c77011c97dc7a44b2586" name="Pin_Jig_01 &lt;1&gt;"
                            uid="MJOHldguEEFzML6Vk">
                     <Transform>
                        <Rotation>-0.281952437 0.948839736 -0.142147736 -0.941488916 -0.245110081 0.231343184 0.184665762 0.199058292 0.962431479 </Rotation>
                        <Translation>-0.214577187 -0.376958485 -0.652624647 </Translation>
                     </Transform>
                  </Instance>
                  <Instance entityUid="KFPH*:*fed4c77011c97dc7a44b2586" name="Part 102 &lt;1&gt;"
                            uid="MdLlBofxb/9yMEdva">
                     <Transform>
                        <Rotation>-0.281952437 0.948839736 -0.142147736 -0.941488916 -0.245110081 0.231343184 0.184665762 0.199058292 0.962431479 </Rotation>
                        <Translation>-0.214577187 -0.376958485 -0.652624647 </Translation>
                     </Transform>
                  </Instance>
               </Instance>
               <Instance entityUid="KFbD*:*fed4c77011c97dc7a44b2586" name="Emax_23mm_03 &lt;7&gt;"
                         uid="MCrOyVo8XqBceI4Wv">
                  <Transform>
                     <Rotation>-0.585727359 0.810339904 -0.016513660 0.313587011 0.245359600 0.917312299 0.747386545 0.532116441 -0.397825899 </Rotation>
                     <Translation>0.064663410 0.310146978 -0.219370295 </Translation>
                  </Transform>
               </Instance>
               <Instance entityUid="66b339f444ee15a0583c06b1" name="Wrist_Tendon_01 (2) &lt;1&gt;"
                         uid="MFJ9SKZSzat3sRAaE">
                  <Transform>
                     <Rotation>0.700069865 -0.574402334 0.424221807 -0.454801078 0.099336193 0.885035762 -0.550507187 -0.812523402 -0.191696526 </Rotation>
                     <Translation>0.197373459 -0.425752347 0.007165218 </Translation>
                  </Transform>
                  <Instance entityUid="KFnF*:*fed4c77011c97dc7a44b2586" name="Part 76 &lt;1&gt;"
                            uid="MWfx/Nc4jUv54Lh3T">
                     <Transform>
                        <Rotation>-0.185175880 -0.956440436 -0.225680273 0.874655166 -0.265101048 0.405832201 -0.447982404 -0.122242082 0.885645888 </Rotation>
                        <Translation>-0.300505439 0.308559555 0.620674939 </Translation>
                     </Transform>
                  </Instance>
                  <Instance entityUid="KFjF*:*fed4c77011c97dc7a44b2586" name="Wrist_Tendon_01 &lt;1&gt;"
                            uid="MdgXcd7CZYL0Lcq0o">
                     <Transform>
                        <Rotation>-0.185175880 -0.956440436 -0.225680273 0.874655166 -0.265101048 0.405832201 -0.447982404 -0.122242082 0.885645888 </Rotation>
                        <Translation>-0.300505439 0.308559555 0.620674939 </Translation>
                     </Transform>
                  </Instance>
               </Instance>
               <Instance entityUid="KFvD*:*fed4c77011c97dc7a44b2586" name="Simple_01 &lt;4&gt;"
                         uid="MFyEi7496sM3DN4Nf">
                  <Transform>
                     <Rotation>-0.782814233 0.247591551 0.570876782 0.097052957 0.954784782 -0.281010218 -0.614640220 -0.164573519 -0.771448609 </Rotation>
                     <Translation>0.109222884 0.276885854 -0.229882102 </Translation>
                  </Transform>
               </Instance>
               <Instance entityUid="JFD*:*fed4c77011c97dc7a44b2586" name="Tendon_Spool_05 &lt;1&gt;"
                         uid="MGvNktvtxxd0TR0Vr">
                  <Transform>
                     <Rotation>-0.573240527 -0.008039199 0.819347709 0.337006456 -0.913773460 0.226814268 0.746874786 0.406144599 0.526521242 </Rotation>
                     <Translation>0.083184772 0.302486160 -0.208734358 </Translation>
                  </Transform>
               </Instance>
               <Instance entityUid="KFbD*:*fed4c77011c97dc7a44b2586" name="Emax_23mm_03 &lt;9&gt;"
                         uid="MH+OszvCeVTW8f7mr">
                  <Transform>
                     <Rotation>-0.819347709 0.573266119 0.005940343 -0.226814268 -0.314625997 -0.921718921 -0.526521242 -0.756555641 0.387813026 </Rotation>
                     <Translation>0.069933564 0.301499314 -0.211134685 </Translation>
                  </Transform>
               </Instance>
               <Instance entityUid="KFjD*:*fed4c77011c97dc7a44b2586" name="Tendon_Spool_03 &lt;6&gt;"
                         uid="MIsElY49ClFupRYIe">
                  <Transform>
                     <Rotation>-0.177928717 0.806008103 -0.564528396 -0.928135621 0.053157749 0.368427094 0.326964282 0.589512673 0.738626540 </Rotation>
                     <Translation>0.084737347 0.283291746 -0.220580925 </Translation>
                  </Transform>
               </Instance>
               <Instance entityUid="KFbD*:*fed4c77011c97dc7a44b2586" name="Emax_23mm_03 &lt;3&gt;"
                         uid="MJcnUcqUNtib0XiD9">
                  <Transform>
                     <Rotation>-0.245974002 0.606643333 0.755963396 -0.934596198 -0.355199595 -0.019057669 0.256956684 -0.711208207 0.654336418 </Rotation>
                     <Translation>0.057502246 0.283177269 -0.255798431 </Translation>
                  </Transform>
               </Instance>
               <Instance entityUid="4b25f2d7bba9a1f433a0f85b" name="Wrist_Motor_Tendon_01 (1) &lt;3&gt;"
                         uid="MKEeiSWQocsyuY+fs">
                  <Transform>
                     <Rotation>-0.697629382 0.631221038 -0.338929559 0.140192639 -0.343649669 -0.928574676 -0.702608902 -0.695316407 0.151247563 </Rotation>
                     <Translation>0.211468771 -0.400965027 0.043397303 </Translation>
                  </Transform>
                  <Instance entityUid="KFzF*:*fed4c77011c97dc7a44b2586" name="Wrist_Motor_Tendon_01 &lt;1&gt;"
                            uid="M6OwsiUa3rIZBB9/P">
                     <Transform>
                        <Rotation>-0.262531697 0.914582155 -0.307598099 -0.964913081 -0.250304489 0.079312097 -0.004455756 0.317627369 0.948205147 </Rotation>
                        <Translation>0.355043145 -0.122758365 -0.660800999 </Translation>
                     </Transform>
                  </Instance>
                  <Instance entityUid="KF3F*:*fed4c77011c97dc7a44b2586" name="Part 80 &lt;1&gt;"
                            uid="MzUD2CrDWhgX7eYO+">
                     <Transform>
                        <Rotation>-0.262531697 0.914582155 -0.307598099 -0.964913081 -0.250304489 0.079312097 -0.004455756 0.317627369 0.948205147 </Rotation>
                        <Translation>0.355043145 -0.122758365 -0.660800999 </Translation>
                     </Transform>
                  </Instance>
               </Instance>
               <Instance entityUid="KFnD*:*fed4c77011c97dc7a44b2586" name="Emax_23mm_03 &lt;8&gt;"
                         uid="MKf30VCKWNQ2u2uzn">
                  <Transform>
                     <Rotation>0.551106566 -0.803745239 0.224221196 -0.356905509 0.015839615 0.934006191 -0.754254606 -0.594762724 -0.278131788 </Rotation>
                     <Translation>0.080868356 0.287141191 -0.244859931 </Translation>
                  </Transform>
               </Instance>
               <Instance entityUid="43f9b20addc9389a9e069346" name="Pin_Jig_01 &lt;2&gt;"
                         uid="MN/XXHzH6mcx8/RLI">
                  <Transform>
                     <Rotation>0.714924035 -0.655297776 0.243861537 -0.169374217 0.176075367 0.969695746 -0.678377475 -0.734562652 0.014889964 </Rotation>
                     <Translation>0.264191769 -0.424860547 0.016530736 </Translation>
                  </Transform>
                  <Instance entityUid="KFDH*:*fed4c77011c97dc7a44b2586" name="Part 99 &lt;1&gt;"
                            uid="MLPJfyG9PUGqEwJeK">
                     <Transform>
                        <Rotation>-0.281632017 -0.940143269 0.191869854 0.950185383 -0.245430502 0.192123936 -0.133533311 0.236420182 0.962431479 </Rotation>
                        <Translation>-0.073767345 0.463123681 0.643466677 </Translation>
                     </Transform>
                  </Instance>
                  <Instance entityUid="KF/G*:*fed4c77011c97dc7a44b2586" name="Part 98 &lt;1&gt;"
                            uid="Mk6GdJhMUDm8WWi1D">
                     <Transform>
                        <Rotation>-0.281632017 -0.940143269 0.191869854 0.950185383 -0.245430502 0.192123936 -0.133533311 0.236420182 0.962431479 </Rotation>
                        <Translation>-0.073767345 0.463123681 0.643466677 </Translation>
                     </Transform>
                  </Instance>
                  <Instance entityUid="KF7G*:*fed4c77011c97dc7a44b2586" name="Pin_Jig_01 &lt;1&gt;"
                            uid="MlG5zYvOkRPyLu7RV">
                     <Transform>
                        <Rotation>-0.281632017 -0.940143269 0.191869854 0.950185383 -0.245430502 0.192123936 -0.133533311 0.236420182 0.962431479 </Rotation>
                        <Translation>-0.073767345 0.463123681 0.643466677 </Translation>
                     </Transform>
                  </Instance>
               </Instance>
               <Instance entityUid="KFrD*:*fed4c77011c97dc7a44b2586"
                         name="ES3302_Servo_Horn_Round_01 &lt;8&gt;"
                         uid="MO0L6fOU1pITuP9IS">
                  <Transform>
                     <Rotation>-0.903690147 0.379754997 -0.197813702 -0.080705990 -0.604763664 -0.792305152 -0.420512380 -0.700033609 0.577167467 </Rotation>
                     <Translation>0.108811665 0.304469224 -0.221320627 </Translation>
                  </Transform>
               </Instance>
               <Instance entityUid="KFzB*:*fed4c77011c97dc7a44b2586" name="18650_02 &lt;2&gt;"
                         uid="MOEn2z10eEk1qFJrY">
                  <Transform>
                     <Rotation>0.585449994 0.581278929 -0.565122209 -0.486142032 0.809554480 0.329070613 0.648779029 0.082075270 0.756537786 </Rotation>
                     <Translation>0.104477672 0.326517160 -0.194518547 </Translation>
                  </Transform>
               </Instance>
               <Instance entityUid="KFvD*:*fed4c77011c97dc7a44b2586" name="Simple_01 &lt;1&gt;"
                         uid="MOkmQgQcDAoJMrHvy">
                  <Transform>
                     <Rotation>-0.458868848 0.887901763 -0.032708400 0.198374309 0.138264808 0.970324933 0.866075640 0.438763378 -0.239582312 </Rotation>
                     <Translation>0.096471365 0.309873155 -0.241412272 </Translation>
                  </Transform>
               </Instance>
               <Instance entityUid="087a4d88c340f08e854a0e01" name="Pin_Jig_01 (1) &lt;1&gt;"
                         uid="MOqIHI3aAFsxeDtjs">
                  <Transform>
                     <Rotation>0.726983691 0.577751310 -0.371076995 -0.394783244 -0.090484616 -0.914307784 -0.561819280 0.811181828 0.162305696 </Rotation>
                     <Translation>0.260144473 -0.427370579 -0.033467965 </Translation>
                  </Transform>
                  <Instance entityUid="KFLH*:*fed4c77011c97dc7a44b2586" name="Part 101 &lt;1&gt;"
                            uid="MEuDv3eXdtLCZGWcf">
                     <Transform>
                        <Rotation>-0.225227993 0.960960607 0.160708006 -0.903319004 -0.267765255 0.335136606 0.365085096 -0.069688450 0.928362210 </Rotation>
                        <Translation>-0.344442117 -0.378674979 -0.615233088 </Translation>
                     </Transform>
                  </Instance>
                  <Instance entityUid="KFHH*:*fed4c77011c97dc7a44b2586" name="Pin_Jig_01 &lt;1&gt;"
                            uid="MJOHldguEEFzML6Vk">
                     <Transform>
                        <Rotation>-0.225227993 0.960960607 0.160708006 -0.903319004 -0.267765255 0.335136606 0.365085096 -0.069688450 0.928362210 </Rotation>
                        <Translation>-0.344442117 -0.378674979 -0.615233088 </Translation>
                     </Transform>
                  </Instance>
                  <Instance entityUid="KFPH*:*fed4c77011c97dc7a44b2586" name="Part 102 &lt;1&gt;"
                            uid="MdLlBofxb/9yMEdva">
                     <Transform>
                        <Rotation>-0.225227993 0.960960607 0.160708006 -0.903319004 -0.267765255 0.335136606 0.365085096 -0.069688450 0.928362210 </Rotation>
                        <Translation>-0.344442117 -0.378674979 -0.615233088 </Translation>
                     </Transform>
                  </Instance>
               </Instance>
               <Instance entityUid="KFjD*:*fed4c77011c97dc7a44b2586" name="Tendon_Spool_03 &lt;1&gt;"
                         uid="MQIOE06p/BQqHJLh4">
                  <Transform>
                     <Rotation>-0.525005356 0.850418084 0.034036147 0.299738616 0.147318885 0.942578330 0.796571490 0.505060619 -0.332246343 </Rotation>
                     <Translation>0.043721984 0.291125917 -0.278613062 </Translation>
                  </Transform>
               </Instance>
               <Instance entityUid="KFfD*:*fed4c77011c97dc7a44b2586"
                         name="ES3302_Servo_Horn_Round_01 &lt;6&gt;"
                         uid="MQJEUxKH0Z8Cdz5j+">
                  <Transform>
                     <Rotation>-0.585727359 0.453962653 -0.671447221 0.313587011 0.890838767 0.328739224 0.747386545 -0.018005569 -0.664145430 </Rotation>
                     <Translation>0.078051754 0.307597678 -0.225804252 </Translation>
                  </Transform>
               </Instance>
               <Instance entityUid="3d15ae60c303e7acf0733238" name="Finger_Tendon_01a (3) &lt;1&gt;"
                         uid="MRyruziaDvj2qFlB5">
                  <Transform>
                     <Rotation>-0.484850326 -0.564747108 0.667817988 -0.857936391 0.158784378 -0.488602773 0.169897938 -0.809844569 -0.561503753 </Rotation>
                     <Translation>0.237979393 -0.425154933 0.011703936 </Translation>
                  </Transform>
                  <Instance entityUid="KF3G*:*fed4c77011c97dc7a44b2586" name="Part 96 &lt;1&gt;"
                            uid="MGYuqrS1PY1xqXM1t">
                     <Transform>
                        <Rotation>0.836004846 0.089148276 0.541431881 -0.508931177 -0.242922138 0.825819528 0.205146177 -0.965940692 -0.157713748 </Rotation>
                        <Translation>-0.575298112 0.412305119 -0.324955492 </Translation>
                     </Transform>
                  </Instance>
                  <Instance entityUid="KFzG*:*fed4c77011c97dc7a44b2586" name="Finger_Tendon_01a &lt;1&gt;"
                            uid="MiHeb45iAwfscPsev">
                     <Transform>
                        <Rotation>0.836004846 0.089148276 0.541431881 -0.508931177 -0.242922138 0.825819528 0.205146177 -0.965940692 -0.157713748 </Rotation>
                        <Translation>-0.575298112 0.412305119 -0.324955492 </Translation>
                     </Transform>
                  </Instance>
               </Instance>
               <Instance entityUid="KFjD*:*fed4c77011c97dc7a44b2586" name="Tendon_Spool_03 &lt;7&gt;"
                         uid="MS0ChUx/bQkdTrQRF">
                  <Transform>
                     <Rotation>-0.042326887 0.809402184 0.585727359 0.909028042 0.274465307 -0.313587011 -0.414579851 0.519169433 -0.747386545 </Rotation>
                     <Translation>0.077817464 0.307723113 -0.225505298 </Translation>
                  </Transform>
               </Instance>
               <Instance entityUid="KFvD*:*fed4c77011c97dc7a44b2586" name="Simple_01 &lt;3&gt;"
                         uid="MTNr65yjj9sAVnP6Z">
                  <Transform>
                     <Rotation>-0.061762981 0.997668980 0.029016224 0.326624566 -0.007267628 0.945126221 0.943133992 0.067851225 -0.325414327 </Rotation>
                     <Translation>0.093589205 0.325221241 -0.206773336 </Translation>
                  </Transform>
               </Instance>
               <Instance entityUid="KF/B*:*fed4c77011c97dc7a44b2586" name="55x72x9 &lt;1&gt;"
                         uid="MUNp7CP+jMNqPC1nt">
                  <Transform>
                     <Rotation>-0.078485971 -0.815021727 0.574090182 -0.965863281 -0.080440853 -0.246246609 0.246876640 -0.573819531 -0.780886080 </Rotation>
                     <Translation>0.176007168 0.312010477 -0.162336902 </Translation>
                  </Transform>
               </Instance>
               <Instance entityUid="KF7D*:*fed4c77011c97dc7a44b2586" name="Servo_Horn_03 &lt;1&gt;"
                         uid="MUmqoolZWVk3g6tYG">
                  <Transform>
                     <Rotation>-0.341611037 -0.258158901 -0.903690147 -0.456214388 0.886202559 -0.080705990 0.821687490 0.384706390 -0.420512380 </Rotation>
                     <Translation>0.112964121 0.304840068 -0.219388372 </Translation>
                  </Transform>
               </Instance>
               <Instance entityUid="KFfD*:*fed4c77011c97dc7a44b2586"
                         name="ES3302_Servo_Horn_Round_01 &lt;4&gt;"
                         uid="MV2z3CgQvGw/VC6g9">
                  <Transform>
                     <Rotation>-0.245974002 -0.803275431 0.542443888 -0.934596198 0.048193339 -0.352430630 0.256956684 -0.593654768 -0.762592472 </Rotation>
                     <Translation>0.040183572 0.306553644 -0.232302146 </Translation>
                  </Transform>
               </Instance>
               <Instance entityUid="d0be53fc4e2f2495fd770c59" name="Finger_Tendon_01a (2) &lt;1&gt;"
                         uid="MVNkXJKH6Pi/BQSao">
                  <Transform>
                     <Rotation>-0.532385350 -0.552007921 0.641757816 -0.808545341 0.107130499 -0.578599592 0.250639723 -0.826928238 -0.503358141 </Rotation>
                     <Translation>0.225731964 -0.407966554 0.015614976 </Translation>
                  </Transform>
                  <Instance entityUid="KFvG*:*fed4c77011c97dc7a44b2586" name="Part 94 &lt;1&gt;"
                            uid="MmHllJ3qh0qM7Vex1">
                     <Transform>
                        <Rotation>0.762047410 0.245608105 0.599133044 -0.543211260 -0.261114164 0.797960475 0.352427685 -0.933539529 -0.065564284 </Rotation>
                        <Translation>-0.560845568 0.358233558 -0.385786104 </Translation>
                     </Transform>
                  </Instance>
                  <Instance entityUid="KFrG*:*fed4c77011c97dc7a44b2586" name="Finger_Tendon_01a &lt;1&gt;"
                            uid="Mo92dnsnsT1FH9cEc">
                     <Transform>
                        <Rotation>0.762047410 0.245608105 0.599133044 -0.543211260 -0.261114164 0.797960475 0.352427685 -0.933539529 -0.065564284 </Rotation>
                        <Translation>-0.560845568 0.358233558 -0.385786104 </Translation>
                     </Transform>
                  </Instance>
               </Instance>
               <Instance entityUid="d10b756cb0fd393a043ae811" name="Wrist_Tendon_01 (6) &lt;1&gt;"
                         uid="MWE4TI4Bz92/3vAPU">
                  <Transform>
                     <Rotation>0.739930620 -0.581058888 0.338929559 -0.362383968 0.080168141 0.928574676 -0.566727921 -0.809903475 -0.151247563 </Rotation>
                     <Translation>0.217740378 -0.427348312 0.051498675 </Translation>
                  </Transform>
                  <Instance entityUid="KFTG*:*fed4c77011c97dc7a44b2586" name="Wrist_Tendon_01 &lt;1&gt;"
                            uid="MUEzF1vzBO1vYTP+n">
                     <Transform>
                        <Rotation>-0.242278372 -0.961444276 -0.130100324 0.918050959 -0.270557814 0.289794591 -0.313821010 -0.049227766 0.948205147 </Rotation>
                        <Translation>-0.177955135 0.346862351 0.659613927 </Translation>
                     </Transform>
                  </Instance>
